idx=29 fp=28
   S
   L
   B
   S
   P
   @@TROW_6_0@@P 26-27 475 506 486 1467 459 505 495 1459 2926 519 503 497 1520 505 468 517 1490 3010 5936
   @@TROW_6_1@@26-27 439 486 435 1360 484 459 943 2304 2304
   @@TROW_6_2@@25-26 437 416 439 1293 449 520 439 1408 2700 467 444 447 1358 436 445 480 1360 2718 5419
   @@TROW_6_3@@24-25 394 461 427 1282 449 409 393 1251 2532 443 428 466 1337 437 402 472 1311 2648 5180
   @@TROW_6_4@@23-24 371 411 446 1227 455 455 438 1349 2576 451 409 439 1298 458 431 465 1354 2652 5228
   @@TROW_6_5@@22-23 372 395 385 1152 358 341 334 1033 2185 406 402 436 1244 503 408 483 1394 2638 4823
   @@TROW_6_6@@21-22 359 316 370 1045 386 388 407 1180 2225 423 366 413 1202 405 379 456 1240 2441 4666
   @@TROW_6_7@@20-21 151 234 226 611 338 301 328 967 1579 389 368 387 1144 413 369 452 1234 2378 3956
   @@TROW_6_8@@19-20 300 296 294 890 305 359 300 963 1854 325 333 392 1051 382 353 344 1079 2129 3983
   @@TROW_6_9@@18-19 287 325 284 896 201 300 301 802 1698 325 300 305 931 297 340 407 1044 1975 3673
   @@TROW_6_10@@17-18 311 268 261 840 310 330 337 977 1817 340 304 280 924 305 301 336 943 1867 3685
   @@TROW_6_11@@16-17 343 340 342 1025 328 350 340 1019 2044 340 313 301 954 338 310 360 1008 1962 4006
   S
   P
   @@TROW_6_12@@P 26-27 155 151 199 505 190 209 204 603 1108 178 207 212 597 195 186 211 592 1189 2297
   @@TROW_6_13@@26-27 138 135 150 423 182 188 371 794 794
   @@TROW_6_14@@25-26 179 169 160 507 190 184 168 541 1049 150 170 188 508 185 169 182 536 1044 2092
   @@TROW_6_15@@24-25 163 164 190 517 190 193 173 556 1073 185 180 161 526 183 166 201 550 1076 2150
   @@TROW_6_16@@23-24 191 188 181 560 190 186 180 555 1115 171 193 195 559 189 183 160 532 1091 2206
   @@TROW_6_17@@22-23 176 204 177 556 154 186 192 532 1088 186 174 163 522 200 171 204 574 1096 2185
   @@TROW_6_18@@21-22 183 174 151 508 176 163 176 515 1023 180 180 190 549 193 152 208 552 1101 2124
   @@TROW_6_19@@20-21 98 116 145 359 166 184 181 531 890 195 189 196 579 190 176 196 562 1141 2032
   @@TROW_6_20@@19-20 151 170 163 484 192 175 154 522 1005 157 176 197 531 196 181 162 539 1069 2075
   @@TROW_6_21@@18-19 162 185 176 524 181 182 156 520 1044 177 175 194 546 166 169 200 535 1081 2125
   @@TROW_6_22@@17-18 126 118 152 396 181 181 159 520 917 175 171 172 519 157 169 190 516 1035 1951
   @@TROW_6_23@@16-17 174 158 170 502 170 172 159 501 1003 172 160 168 500 176 138 115 429 929 1932
   R
   S
   P
   @@TROW_6_24@@P 26-27 365 385 398 1148 408 408 370 1186 2334 339 359 411 1109 414 379 414 1207 2316 4650
   @@TROW_6_25@@26-27 362 318 368 1048 345 360 704 1753 1753
   @@TROW_6_26@@25-26 342 339 346 1027 316 364 347 1026 2053 362 305 364 1030 374 330 377 1082 2112 4165
   @@TROW_6_27@@24-25 360 322 387 1068 332 342 324 998 2066 357 290 316 963 368 328 355 1051 2014 4080
   @@TROW_6_28@@23-24 301 346 326 973 409 367 330 1105 2078 352 307 319 978 379 353 422 1155 2133 4211
   @@TROW_6_29@@22-23 293 308 319 921 304 294 319 917 1837 319 310 339 968 326 302 338 966 1934 3772
idx=30 fp=29
   R
   S
   P
   @@TROW_6_30@@21-22 275 307 260 842 302 318 310 931 1773 317 317 301 936 300 308 350 958 1893 3666
   @@TROW_6_31@@20-21 108 115 184 408 277 302 286 865 1273 320 314 326 961 331 300 342 973 1934 3206
   @@TROW_6_32@@19-20 250 271 290 810 251 226 248 726 1536 263 270 277 810 284 282 294 859 1669 3205
idx=31 fp=30
   R
   S
   P
   @@TROW_6_33@@18-19 229 275 262 766 287 274 257 819 1585 281 278 300 859 311 277 303 891 1750 3335
   @@TROW_6_34@@17-18 247 176 217 640 263 274 234 771 1411 262 250 252 763 255 236 282 773 1536 2947
   @@TROW_6_35@@16-17 223 252 246 720 196 212 207 616 1336 215 200 239 653 246 230 277 753 1406 2742
   B
   S
   L
   @@TROW_6_36@@P 26-27 388 351 413 1152 423 432 416 1271 2423 423 407 423 1253 423 389 433 1245 2498 4921
   @@TROW_6_37@@26-27 382 321 387 1089 405 408 813 1902 1902
   @@TROW_6_38@@25-26 358 408 375 1141 384 345 374 1103 2244 374 358 350 1082 421 385 433 1239 2321 4565
   @@TROW_6_39@@24-25 114 273 292 679 336 353 376 1065 1744 380 333 360 1072 354 312 378 1044 2117 3860
   @@TROW_6_40@@23-24 350 324 319 993 252 386 382 1020 2013 351 313 366 1030 310 338 299 947 1978 3991
   @@TROW_6_41@@22-23 302 305 294 902 320 327 301 948 1850 321 313 331 965 333 313 381 1028 1993 3843
   @@TROW_6_42@@21-22 306 302 276 885 319 347 350 1015 1900 333 321 307 961 320 313 333 967 1928 3827
   @@TROW_6_43@@20-21 92 150 229 471 262 315 282 859 1329 320 314 339 973 333 279 327 939 1911 3241
   @@TROW_6_44@@19-20 312 294 295 901 286 271 223 779 1679 264 290 306 860 288 292 270 850 1710 3389
   @@TROW_6_45@@18-19 283 293 300 876 304 310 291 905 1781 307 300 307 915 282 311 338 931 1846 3626
   @@TROW_6_46@@17-18 300 293 280 873 251 317 320 888 1761 310 286 296 892 310 274 264 847 1739 3501
   @@TROW_6_47@@16-17 243 314 239 796 305 302 297 904 1700 300 121 320 741 310 287 335 932 1672 3372
   S
   P
   @@TROW_6_48@@P 26-27 182 168 233 583 238 238 232 707 1290 240 233 240 714 244 218 244 706 1420 2710
   @@TROW_6_49@@26-27 209 88 216 513 254 241 495 1008 1008
   @@TROW_6_50@@25-26 199 228 228 655 243 219 223 685 1340 176 214 232 623 225 184 233 642 1265 2605
   @@TROW_6_51@@24-25 215 181 148 544 221 211 216 649 1192 187 40 227 454 235 209 241 685 1139 2332
   @@TROW_6_52@@23-24 206 163 179 548 215 216 206 638 1186 210 185 207 602 209 205 207 622 1224 2410
   @@TROW_6_53@@22-23 182 169 137 488 193 209 186 588 1077 201 195 216 612 217 196 214 627 1239 2315
   @@TROW_6_54@@21-22 90 104 185 379 183 198 191 572 951 195 193 210 598 211 190 210 611 1210 2160
   @@TROW_6_55@@20-21 117 127 135 380 180 173 96 449 828 87 132 170 389 191 191 225 607 996 1824
   @@TROW_6_56@@19-20 115 190 171 477 172 191 140 503 980 154 179 211 544 210 191 169 570 1114 2094
   @@TROW_6_57@@18-19 139 160 166 465 164 129 90 382 848 124 137 189 450 202 201 206 609 1059 1907
   @@TROW_6_58@@17-18 120 128 139 388 140 160 134 434 822 127 126 148 401 161 141 161 462 864 1686
   @@TROW_6_59@@16-17 86 97 94 277 118 110 104 331 608 117 106 113 336 139 124 130 393 730 1338
   P
   @@TROW_6_60@@P 26-27 1565 1561 1729 4855 1718 1792 1717 5226 10081 1700 1709 1784 5193 1781 1640 1819 5240 10433 20514
   @@TROW_6_61@@26-27 1529 1349 1555 4434 1670 1657 3327 7760 7760
   @@TROW_6_62@@25-26 1515 1561 1547 4623 1582 1631 1550 4763 9386 1528 1492 1581 4601 1641 1513 1705 4859 9460 18846
   @@TROW_6_63@@24-25 1246 1401 1443 4090 1528 1509 1482 4518 8608 1551 1273 1530 4353 1578 1416 1648 4641 8994 17603
   @@TROW_6_64@@23-24 1418 1432 1451 4301 1521 1611 1536 4667 8969 1535 1407 1526 4468 1545 1511 1553 4609 9077 18046
   @@TROW_6_65@@22-23 1325 1381 1313 4019 1329 1357 1332 4018 8038 1432 1394 1485 4311 1579 1390 1620 4589 8900 16938
   @@TROW_6_66@@21-22 1214 1203 1243 3659 1365 1414 1433 4213 7872 1448 1376 1421 4246 1428 1341 1557 4327 8573 16445
   @@TROW_6_67@@20-21 567 742 919 2228 1223 1276 1173 3671 5899 1311 1317 1418 4046 1458 1314 1542 4314 8360 14259
   @@TROW_6_68@@19-20 1127 1221 1213 3562 1206 1222 1065 3493 7055 1163 1248 1384 3795 1359 1299 1238 3897 7691 14746
   @@TROW_6_69@@18-19 1100 1238 1189 3527 1137 1196 1096 3429 6955 1214 1191 1296 3700 1258 1298 1454 4011 7711 14666
   @@TROW_6_70@@17-18 1104 985 1050 3138 1145 1262 1183 3591 6728 1214 1136 1149 3499 1188 1121 1233 3542 7041 13770
   @@TROW_6_71@@16-17 1068 1161 1092 3320 1118 1147 1106 3371 6691 1144 900 1140 3185 1210 1088 1217 3515 6700 13391
   S
   P
   @@TROW_6_72@@P 26-27 12 11 12 35 13 13 12 37 72 13 13 13 39 12 12 12 35 74 146
   @@TROW_6_73@@26-27 11 11 11 34 12 12 24 58 58
   @@TROW_6_74@@25-26 8 11 9 29 10 12 12 34 63 11 9 7 27 9 9 11 29 56 119
   @@TROW_6_75@@24-25 10 7 10 27 9 10 9 28 55 10 10 10 31 11 11 11 33 64 119
   @@TROW_6_76@@23-24 10 10 11 32 10 11 10 31 62 9 10 10 29 10 9 9 28 57 119
   @@TROW_6_77@@22-23 8 7 8 22 9 10 9 28 50 9 7 9 25 9 7 11 27 52 102
   @@TROW_6_78@@21-22 8 9 9 27 10 9 9 27 55 8 9 9 26 9 9 10 28 54 109
